########################################################
## Number of clusters: 3
########################################################
## Size: 300
########################################################
## Cluster: 1
## Density correction factor: 1.0
## Generators:
##   NormalDistribution(mean=0.5, stddev=1.0)
##   NormalDistribution(mean=0.5, stddev=10.0)
##   NormalDistribution(mean=0.5, stddev=20.0)
## Discards: 3 Retries left: 1000
## Density correction factor estimation: 1.002205071664829
########################################################
2.58119273751133 -3.0897997256242977 -2.3326346305787053 1
0.2830068817312693 -2.8596795387945817 5.295590778772435 1
0.21158452686565304 -12.199588733704775 -14.546589595278306 1
-1.4391443962311303 -12.021320105154816 -32.18803310241884 1
1.0686863704341474 31.168167454576366 -51.742209923399436 1
1.0568923361120943 1.931229944474874 16.89289283782943 1
0.25149487060726927 11.080306025463726 -14.889478477972895 1
-0.39053074566433343 10.088826841500946 27.26710071384408 1
1.1950752508034328 -1.4628008903139609 -16.029824221668086 1
1.144783919646169 -8.326524260734242 -1.8811356795890277 1
-0.25781140912477507 -21.441021806556744 -10.594460018805528 1
0.8310521961809216 -10.032113597934798 -14.942970422339869 1
0.838265179589947 -9.726367101311522 7.312449694946499 1
0.18011995588034152 -3.7112136255392194 32.549829997999055 1
1.2404652603539037 -30.795975440833708 -5.581151727412291 1
0.7270689696096825 -6.124910904254931 16.858721801211452 1
-1.0710476963829219 -8.066149318613409 -18.243526301857173 1
0.1972640387982731 2.8933714638606056 -0.43541759801966085 1
0.5610021855306098 0.5432323254202005 -34.649031482936714 1
-0.04120610893281751 6.017365176429374 -14.977436170823617 1
0.6092851418829862 4.3453040566688115 -5.501318598727861 1
1.5970947877929396 -2.6759530684276607 -11.447682829342718 1
-0.5023353386111238 6.653136352028068 3.549075082918726 1
0.49112073755147806 -3.0800081029370068 -10.252815073414123 1
-0.6297385392760992 -0.47839700684457576 24.936015928820396 1
-0.08579891412562968 2.7034443148128315 -41.02343399956504 1
0.12461599471093554 -10.258713623131548 24.264999539116552 1
2.0065528621315147 -13.766738744266597 -11.104333168200249 1
0.6036191038376059 -8.228633202177651 15.954324637589142 1
0.2164778833292641 -8.151054006966707 4.599826694321681 1
-0.005893913400328632 -2.041121113949514 -13.364709159548696 1
0.31146240548218906 16.750439157874506 -5.759952240414646 1
0.5217499009784946 -8.947513504669057 4.189588118703256 1
1.2091581891919487 -2.1828848791852438 5.356153151544774 1
-0.06243047309646044 4.678883413798207 -8.09255941946379 1
-0.030031942023375446 -2.722538423565211 16.257611149404035 1
1.6727489991553175 -5.728145332888884 11.260436037680059 1
0.6552050459209996 6.978248207756277 -21.175565992834514 1
1.4444840462345578 1.7081569082734835 17.785011219533573 1
1.2469811543249292 -5.794541849642617 -52.79231917873811 1
0.37918694292943783 -16.232079478163755 32.97185558803996 1
0.3279402284839512 -5.458698252614494 -23.950884332495086 1
-0.7665214484075302 11.389785185989345 -16.357760857767403 1
1.1294730794389216 -9.60692358392826 -19.77578501069881 1
-0.32887030152388164 -0.9195758773770186 -11.790557283672175 1
-0.1659966292028381 10.99056238239353 0.47454845044938687 1
1.7081388913972266 4.949550954743251 -13.428417493769821 1
1.0614791736706597 -21.989724071912175 42.16848193142478 1
0.4130413992831906 -16.388291426175847 15.515401889782975 1
0.7418600361971567 -18.496549037294713 -2.539523963745659 1
-0.08638684341502079 -1.8631316180742994 16.066661590761186 1
0.22128456986488515 21.607420766539406 -12.48210450498864 1
-0.3592320024032053 10.91404436113991 10.201454855098051 1
-0.9771380441746245 -10.57743467877932 20.363162159471806 1
0.82531645781615 -2.6559649047270666 -11.225465739187324 1
-0.24620166802191412 -0.84248285951923 12.363504699153971 1
0.8407149621996827 -3.3576999741826383 12.382278859715534 1
1.9007369765129527 -5.818436277087947 28.939268393829366 1
-1.2665060028334842 -0.9089151621665874 6.829973230770284 1
1.963244386557004 -18.948453534886166 63.8159217313953 1
0.4914439239915383 -5.04417185470769 -34.50160504677361 1
0.1821418575073977 10.115055277258248 5.00209530311652 1
1.0186270632158276 -1.0801719904471385 -12.432112563031701 1
0.9442493847989215 -0.7377985942429364 9.272923974705465 1
-1.0775012008391638 -0.1032162919536781 5.141498197008903 1
1.494981120787393 -4.923195317882468 -24.323467337544052 1
1.3762109048691005 3.8260028831407102 -9.985869120355416 1
-0.9004367144736909 -19.075307024573817 12.007242250006776 1
1.2278119742221032 -1.6206513885630445 7.678027628402896 1
1.3825355574818468 10.02247632729466 -2.0433778751790186 1
0.07763712905121045 1.8074417940760146 7.416208531980873 1
-0.3495034418663028 -16.090200748568325 -18.207494665001153 1
-0.540266051891606 -3.1383259938641928 -1.034232715724658 1
0.18780666136612256 7.734406755994755 -12.392324692076656 1
1.180703144071466 16.2922259291908 1.7430833338842497 1
-0.3327279959476227 -1.0493654989617922 -7.412072157659587 1
0.7174267492702433 3.375900490451695 -15.601773924052495 1
0.20596197629873086 1.2706440555564644 -13.933379958727135 1
0.8534824099791642 6.814796840324455 -34.41633006883759 1
-1.0498359266390085 2.5872981729385267 -4.376216824508295 1
-2.0295512487565954 6.517686217513055 -20.52598672337011 1
1.5327352855270862 -6.866923210717734 -36.15531863820419 1
0.21560734555482075 7.112460662562606 -3.5231209243562436 1
-0.38427692149599 1.2131205012990156 27.516749252557 1
1.504893572039829 5.791651494772821 -9.441129665505782 1
0.7176413071924179 19.451859955692786 -4.877550103338025 1
1.397202555893324 -7.806808008158365 -2.742004997196953 1
1.5796871903883631 2.3488464969068876 2.8404474449865016 1
0.3987618146163298 10.539376410813684 16.370642480110362 1
-0.38063964862379374 13.212790018228459 -6.124752688023483 1
0.050191934904464774 0.9994375945133884 -2.7116502209474813 1
-0.053297644524383014 -14.903770655716729 -15.831620616990865 1
2.280699429286533 1.5731995825980127 -21.38472885379997 1
0.4504306242503312 6.971146528471032 59.94670949088444 1
-0.3122734475852582 -10.046359155489956 -26.900169229462467 1
-0.5840576002802762 -6.759140957948512 0.21129089283904356 1
0.3301873801591277 6.842562689065656 -1.274739760628434 1
-0.3761279108045904 -11.243851288709372 -36.65379750110315 1
-0.38243997183394407 7.467479009380716 -28.713890609449255 1
0.23668759667561384 12.241622509109382 6.107501526622071 1
0.7782856604338106 4.075114397223383 -14.652667739927448 1
0.8535245743051006 -7.887581769418171 8.06077686503495 1
1.1139064495740212 -7.9653431135787915 -26.152596748698762 1
-1.0096117038130452 -4.528901737298872 -25.85771115514402 1
1.0034446126228467 -9.859264882340229 29.045366264002496 1
1.3382712846445544 4.263622091612838 -41.20453693382355 1
2.2894680055531653 8.849946580331398 -25.816048448550756 1
-0.4501483608346901 -1.8673541484660534 36.08550375254111 1
-1.1871680175386505 -15.063166898462452 12.874008986907501 1
1.063815455231821 0.6378430419269419 19.66962868641643 1
2.0291633819189414 10.322626067979364 8.512104161191273 1
-1.162948280383314 3.4604298937899336 -46.95149800343276 1
0.17393527390129832 -17.63616438513726 3.705688059612662 1
-0.9391002399646775 13.346319939338706 6.385316069504405 1
-0.35698246535374833 -2.434353141278743 13.004097479801825 1
1.8264416384289273 17.103378904462815 -6.814284916919066 1
-1.850532832538354 -5.325618985328629 -12.458694132442973 1
1.5767384841463266 -10.08951786566345 31.04383175531969 1
-0.46717312494386354 -6.901927861455482 16.83179898617026 1
1.8085843533050936 -7.152496577130295 7.161911171871068 1
2.413269994541774 -5.412084510258878 -9.86252470903001 1
1.0258827897907534 -0.39253541139967396 -12.51363247226388 1
0.20073451965125527 0.27968005123239903 -17.589847572818005 1
-0.7071048306840815 -7.289782688001775 -17.43377966820549 1
0.9907226510085347 3.163018764516314 3.759580206183754 1
0.21735995175147593 -1.38732031580557 16.054836169480502 1
1.7753327957555962 5.146819324545143 10.546900166624708 1
1.6992542363897571 12.609953344200582 -26.132872218798155 1
0.11087451586906993 -7.448049255854378 4.7470586302932585 1
0.2775324370097732 -3.914398623702737 -6.974440568247228 1
-0.5587751126472205 -8.296629517556452 -5.716640319845283 1
0.36027793615485604 11.328418336178112 24.625086888714556 1
-1.2653078375207336 14.725889100615838 32.0246393881424 1
-0.6310935855726127 -12.956768033913924 -19.031421193976584 1
2.2960859111304246 -2.7566815303990984 34.921796256986454 1
2.1822628814846605 -15.32954772273688 -4.803665680781298 1
-0.4782470212844001 20.55192737328185 -19.316773853120385 1
1.8474324828416389 10.53839647989416 12.110222094593984 1
1.6735959243543201 4.292681632002555 -31.076003407046013 1
0.577690628234307 11.72878422538211 11.425475262667561 1
-0.6002602349744663 -8.19625693895253 8.362192934812107 1
-0.7482691783479032 4.380614476817992 10.11983012622824 1
1.5879065821235052 10.98535519600449 -10.09653657210353 1
-0.36342519947762697 6.819037356042023 15.275955958212453 1
-0.09480287883333649 -14.641864251442579 33.599452547198666 1
0.17317068778578903 -6.329209206086869 34.051368188655736 1
-0.7447828506847778 11.18227781286102 1.4443444595017567 1
-0.08401284860121827 -10.689499953459109 12.919812656540607 1
0.4011131410983614 -4.564098137185718 4.227852131195174 1
0.6898072003031875 5.886984548650569 -25.824813020339665 1
-0.4011837000946943 6.709578217138839 -43.733137150917585 1
-0.0943361400375079 -17.741294488777065 19.57246334109672 1
-0.5707342952049677 9.403342652001097 -11.853666948640871 1
0.6423332940712786 2.901224588098227 -16.160479272643894 1
0.3855099842205788 -4.385965345186706 -17.40464244620287 1
-0.333409635518804 -1.0751184070273492 1.9423100103043667 1
-0.9169311022467799 0.7073084357547222 -14.440015656422261 1
1.3769210182271099 -8.514863093106472 -13.429918594387678 1
2.4075995577439055 9.928089527203344 -40.22240910065608 1
-0.8094426173954006 11.013650951557862 -30.844493143440864 1
2.062627556073612 12.894077944841511 -27.616147299167654 1
0.8270734434712482 -14.55422968512147 -36.385707110177734 1
0.0475728003788326 -3.078630019013001 30.14698656048144 1
-1.1064406172769865 25.23409917557945 -11.458452342124296 1
-0.40078402443313155 -16.96442179380406 17.960777888822246 1
0.503309413738579 6.829615841822035 19.420112889061933 1
0.4913881591990054 2.4100516980623454 10.396798128391085 1
0.5063160687949813 4.2424582649457445 -14.30552325807289 1
2.1747988076273597 4.140051840480348 -9.894127906271176 1
2.136603889719972 -1.664705143952514 15.743662249787436 1
1.4462046176663004 -5.1839892074001845 -47.17330003342788 1
0.8850302575562308 15.874161722916382 -41.42204499923221 1
-0.09950449244837845 12.315312690394705 4.363702301866946 1
1.8986947610756502 11.02972174007147 15.886361509646038 1
-0.2784630408657518 -13.234958614753879 -19.26019535367492 1
1.7231831416039785 -0.17102507007291934 -19.70314601197323 1
-0.022569893535733798 18.6504793741707 19.30757219354891 1
0.7386530982839866 8.923013733149997 -8.60101823264244 1
2.241528014056383 -1.9968062047636503 -18.26232466552111 1
0.543628733545249 -12.831240040241688 24.6023120563392 1
-0.042301812481284284 4.381470999630254 -23.417497665111313 1
0.7864515397044098 6.394114394299552 1.5383062569942296 1
2.124840045879674 5.264088864267192 -15.232586472606101 1
0.7080211389060591 -0.5042372558987562 34.19038155553187 1
0.5689836269684321 6.926567094838159 28.72782965732199 1
0.3958349538162597 7.979559195153264 -18.202679860436604 1
2.4504148093388003 -7.936858343970004 -14.792413125000941 1
1.3601851104854683 -4.29517810352339 -2.455458027892139 1
-0.020886057819242687 8.442263121307839 -26.75818608654969 1
-0.714997609165595 -19.60031695782258 -13.805498268497557 1
0.8937133842690956 10.209422157347827 0.4872437212250429 1
1.029452440882549 2.0196824744910864 13.69303635092127 1
0.03826670477300986 -2.4646399560111463 -25.256380295620453 1
0.13613782673594887 6.42532368798662 -43.924590789590994 1
1.807274778159214 -7.050897529514203 -6.9413604086264815 1
0.8029786070662495 21.08378039482507 14.59717844701042 1
0.5800061870427047 -1.5734792401738344 3.179048960038437 1
0.9566783654448481 -11.227546590334555 -22.21054921739219 1
0.4311594821640019 -1.322651041490644 -12.352891905113834 1
0.057182061101377635 -4.27522303665289 0.6981460502445906 1
1.3785820878244324 18.54559393591792 34.27607342794175 1
2.2070147542540477 3.4879440743743406 16.34858703823804 1
0.05067412771407742 0.2323538673571628 -9.386649287274556 1
0.339997146075949 -3.8563416828400205 24.014611296507283 1
0.9097796393905107 9.8601645763848 -3.731602972650589 1
1.7369177917956828 11.70196892537108 -11.669724768486894 1
1.2018852641055673 13.245465740240757 -17.896606685183365 1
1.3965402512341485 -5.321843887185201 27.765167261891058 1
-0.053147276251428455 4.170285185190427 -46.17878736521958 1
0.48031916293583177 -8.045504249019904 14.039899908574798 1
-0.5776012901838437 -13.561767985652324 2.058860174795283 1
-0.3819945324787989 -11.287597624754644 20.23394159289113 1
1.3905241048315082 -7.853625945804781 2.445196497678061 1
-0.25154843917859215 -2.850330039269887 17.724805723756987 1
-0.5730636285520219 -2.2969011480313317 24.39082050053231 1
-0.5820749516702213 17.496009234178878 -40.989882685726236 1
0.4014051536388927 12.827870829830745 6.486202701662783 1
-0.6206584698264759 -3.253456758888307 0.34252419712979953 1
1.5829823189036585 0.30884066260951565 -7.743534941097105 1
1.1378450396032642 3.1173361215979254 -7.082129006825894 1
-0.4568239997164948 5.825300088157002 -11.80603236230911 1
0.5921753697018612 6.779665907972731 5.980110026460041 1
1.5809114049229753 10.674434841317971 9.198495354340295 1
-0.3736361478754707 1.433193934508246 24.136629242558435 1
-0.5135840826589266 -11.103881889277105 6.2615596915090475 1
0.6821055163326994 -8.53573602191467 11.836384180683673 1
1.1802532135610067 -1.8911417900048506 21.047291599317084 1
-0.38680262664550535 -18.538791498340025 14.127744389038863 1
1.275418375548296 9.188477072249864 11.37626207912117 1
-0.09475356501198495 -7.285756774194185 1.4454203525294849 1
1.4887091009247069 0.514273974476667 -22.401375841100297 1
-0.2551380473306589 12.635997445489943 -17.967257127769486 1
-0.5306012999246115 3.801593912628671 -24.44469795862067 1
2.345440370622673 12.852524143339492 8.237799796607009 1
-0.519863008925783 -12.264647756674314 -0.45133449119532254 1
-0.024713463129336644 -9.111929456839688 -1.3217831151956316 1
-1.761043618450835 3.134343353115554 46.62578541559736 1
-0.48320914773376933 14.259601643089116 -1.172227067110523 1
0.9376415711663303 0.6492521988034593 13.025995635081848 1
1.323957655798379 10.973207318919648 -29.822644078065807 1
-0.5498978722716577 11.805008691404158 5.959904654756351 1
0.3788621789381168 8.355814801378582 11.766985273566215 1
0.8829565575530034 5.868152844182159 -31.84732368849874 1
0.15603911432684492 -1.8197580309505397 11.263570710053695 1
-1.2755188086873626 17.639853655094253 -8.546276205201526 1
0.13568700418871105 12.121112117257264 -2.281300563375724 1
-1.3387786117076848 -8.697575528988304 7.780254008968785 1
0.5476908910356699 10.158885816415738 -17.61715490546364 1
0.9330371931958304 15.276475774882822 2.228085689168952 1
0.5908491659228238 1.0570499628307677 34.31550936881358 1
0.24322792812161764 9.559515912384587 -5.294893598312268 1
-2.252234629006139 -9.796330058320882 29.263614951600815 1
0.24219384091862006 -24.562858979092862 8.918938766887901 1
1.41170866975668 -2.960792253489435 -0.26496739233359967 1
0.6548330328037505 -9.57355367187063 -9.557653054064339 1
1.0044889999857651 8.677148120970475 26.373958213934305 1
-1.4167137537747192 -1.3028580261551688 -27.910133054593416 1
0.3390084659236157 -4.7608192085382885 18.637881988203066 1
0.9578220697523963 -5.246736886304404 -4.067619466126253 1
1.7818812769730736 -2.062518571994452 16.494120357628674 1
-0.20441899932713248 25.484681080083956 -16.163935080962343 1
-0.061224981479329865 9.485556966767708 4.70498809407002 1
-0.16087732342609862 -2.6391756936564774 -18.47604548638682 1
0.18195188505346988 -3.935835555956725 -8.018887577788245 1
1.1301835345202798 -2.848799842242075 21.780211965790482 1
-0.807024986337799 -9.381445149281454 -4.767623723348294 1
0.38821524019880593 11.373693760069552 32.58666857463249 1
0.5273858967519324 2.477121410155117 11.642047661825691 1
0.10134859464551305 -14.825003699136683 -28.54280963355083 1
0.610971589492254 10.659040739709887 17.79377066615043 1
0.35888449863643607 5.823237524797615 -5.71130400258129 1
0.5252658555750845 8.970499727574555 -34.53587734506413 1
-0.07445693385361851 -18.62641091995861 5.808513669322354 1
1.2511417052785803 4.03498932183989 10.354008817935657 1
-1.5628399900393868 16.84179735515708 -19.600867790728554 1
1.1015726956035463 15.54854128433947 34.30961302360062 1
-0.8610828146038032 -1.5408400938476978 -22.552823376415326 1
-0.451914814911357 1.8295491583558514 35.54057141133971 1
0.5668471987348298 -14.174949547698358 16.221105380931938 1
1.1247545354491435 -2.119490078553139 6.191734811742619 1
0.5268103506349019 9.253453175611464 4.087809715641199 1
1.1176150645733043 7.608766520629681 -4.419242979794302 1
0.5531083666506119 -3.5440420987654893 6.000616501995546 1
-0.5444056164719442 -6.376768487749509 -12.754183495760286 1
-0.06381131359810144 15.393191280111624 25.051960345594182 1
1.1177166726145846 -12.512122033609648 -5.060511542146261 1
0.8801273613296307 18.888066968612776 39.76039885107915 1
-0.2932397893522788 -0.31551310640197505 -12.578745849513663 1
1.081449849840751 -1.3680371423994488 34.14715233618848 1
1.534303062325247 -1.4346139503479123 3.9247849104465375 1
-0.862130262599561 0.589574428960308 -6.981794593666925 1
0.9032470428856784 -14.64325396847456 5.112268261753829 1
0.5930258018945349 -5.873676348279982 -13.395976940978688 1
1.409816724471786 4.171660698809745 18.92925371844901 1
1.8859783808914863 14.24873259683726 54.94165076249384 1
0.8317892496793529 0.06769528387068308 -33.583104489204786 1
1.5431010320127927 -3.577609161476654 -3.5760982441428055 1
0.19319122730299332 -13.332128543778703 18.9616857387564 1
0.6248461861427841 -0.21948689849924885 4.91517836283947 1
1.3076660170417451 2.9766229019240873 19.522838376907853 1
########################################################
## Size: 300
########################################################
## Cluster: 2
## Density correction factor: 1.0
## Generators:
##   NormalDistribution(mean=5.0, stddev=1.0)
##   NormalDistribution(mean=5.0, stddev=20.0)
##   NormalDistribution(mean=5.0, stddev=30.0)
## Discards: 4 Retries left: 1000
## Density correction factor estimation: 1.0055126791620728
########################################################
4.4503663982978034 20.33194856961795 -4.352338327358941 2
2.919336056589307 10.29240223257897 3.451638300406291 2
4.749988843944755 11.239365848318656 1.2893753987995042 2
3.9605717013493704 -11.040697162818269 4.319514289791537 2
5.233293655591904 -26.82325011696947 8.984965607830421 2
4.06083390501426 -1.0809943776100734 -49.95219739209864 2
6.129808318910454 -18.883217745561673 5.8068794435341555 2
5.685555286076473 0.346204403106003 38.87018023377098 2
4.106193462924479 2.1268039077990437 -3.15032237621495 2
4.154367474557801 5.3149210720227185 19.152561598584622 2
4.775971894378511 6.7248943208437595 61.47970826239849 2
6.0304729103717465 -71.74642370890588 39.98943646337786 2
4.360391551048328 -7.558633246769887 4.8180547556742095 2
4.304892219828353 13.476681927490493 -18.42034446973858 2
4.078701677431758 17.143849894226516 48.6685308474202 2
5.215144043537089 -7.57040038861922 -30.95998687208271 2
5.8627029214727795 -9.140210141291597 -13.053451718758776 2
4.079922893285079 32.39254099210284 70.08845124941209 2
5.607136138556007 -8.548409675452863 38.41598995293295 2
4.44895887323504 -25.894979308724928 6.485490452134107 2
3.7591456106942562 19.518720037503158 34.70099656172657 2
5.745948983608105 22.83601541755139 68.27335946484638 2
5.4255064365319425 5.871979950084795 -35.45049021154228 2
5.0520464009147545 0.027528129756252184 -18.568802956060587 2
4.184262053470382 6.739385093439497 -40.98884144316349 2
5.505527452392408 19.127251512979306 -13.94942785888265 2
4.058162273761326 -12.92713153306892 -7.29638165718514 2
4.751181745806532 35.04262304847622 -9.881789723099422 2
3.9287319873451674 -2.795518380667299 16.465309210917415 2
5.029230832003918 24.338215922001915 -0.9167366036535549 2
4.585456236855082 -0.19944918754665686 43.97006094569457 2
7.334946338722851 -10.18509903518266 38.279611982266296 2
5.966450925010287 9.371917416872385 50.335056099926135 2
4.059354676796313 24.383204184765347 20.43794706612408 2
4.879738053832058 26.3005086898599 -5.202704143335376 2
5.646908763741027 -34.71126161121461 74.9781777465897 2
3.9079361843953766 60.44870970075897 -36.418547796749465 2
5.211076674057184 -5.5890855701293916 8.275080586517685 2
5.37515650188241 -5.2524424134776755 3.920631295701661 2
6.127619310784122 20.983280657582483 -43.520520242769884 2
5.294087539563314 9.608050665812634 32.01510873927901 2
3.6597934896236204 -3.842204170482036 -10.780256428208105 2
4.340492787589456 -0.26881570618057715 12.677176852227944 2
3.636479740893202 14.61209782111988 -31.740899380851317 2
6.131186511833103 -1.481626779363701 21.00106246171479 2
4.705555804657719 0.21688333132493387 4.9509399790796715 2
6.200180516396671 20.43178334269454 -14.273354460195247 2
4.2069111613598835 -20.002710256965244 38.95340468120274 2
5.082249412055485 11.25975793417581 55.95919876736693 2
5.5629805328494015 -4.15682489780276 -39.12013178743386 2
5.321659116746102 21.638704324306474 -14.116341565859155 2
6.00659933042112 -5.617045687606627 39.89830862596029 2
3.6304303287703257 -11.18646710009046 4.455543397954316 2
5.025552494574888 2.5477999731835124 12.720637570098702 2
6.197253135268469 16.014430692674164 41.12881624098118 2
4.6149195763231825 -22.03596433097253 20.63295861221811 2
4.313976167983832 9.80187698099584 10.415088217856695 2
3.6703591018734048 24.25651882000943 43.45928695605887 2
7.48586315229498 5.245445757777144 -13.386577866979085 2
4.1251674002518435 12.662429365502987 2.1595914088173904 2
5.895007474506846 4.473893097477515 -30.956006787405293 2
6.56228975586494 29.179218873348205 22.817235638804014 2
4.1647868676797 0.50536112174502 -51.20570157258044 2
4.216691789240163 -38.8988004808894 -2.4562038648188826 2
4.611174915346013 -17.034773868279082 5.802819796823627 2
4.887974100726855 11.19705501684601 -40.69044408621417 2
5.733821709607598 9.563792337287909 -36.41958125518076 2
6.029677086063805 -13.622340679740322 0.822583648982607 2
5.056489671698197 15.209362839850654 -57.757147859206434 2
6.441714108164213 9.037124954166295 33.79874850376853 2
5.11578122807323 4.775720064039201 -42.98748982061896 2
3.4391567005858334 -0.2545798919264577 21.37119825112353 2
3.7605585892659907 -5.219677680168857 18.25060217810001 2
2.8499172309438854 -25.388115603971215 37.06140063358041 2
3.387691783438978 -8.831927674827929 -16.453130240018226 2
3.7920343496204514 -22.182268968526813 41.13048908282656 2
5.081802923302168 21.64794412478052 -1.5384443336969182 2
5.151369985567286 2.37760202198754 1.914214725667028 2
4.342203882070937 -3.243716919987655 -39.15013597096812 2
4.572527434607013 11.702944774719926 1.6829387879063082 2
5.001367583991024 55.71169885644261 -10.106619147739993 2
5.050963402343155 20.92291394299042 16.728544294151483 2
6.147675637398044 -14.393274154355492 42.028658603681826 2
5.638550649109278 12.562155375490622 -3.52316946650841 2
5.3896142888308844 39.95034110413263 -29.896280784310733 2
5.176436445584019 -4.788148547538395 11.295208529046683 2
4.842708232313161 33.004621244906026 5.762025389860265 2
5.258330539749801 -13.532878392195268 -51.869961628079935 2
5.093768871298963 9.566541594673236 -27.057610249890764 2
4.749003013926915 -4.316565758750066 6.501848016889271 2
6.080020295944632 25.36269217195567 -32.14009083698565 2
5.159161646321943 -7.425732741960298 32.437152923641115 2
5.326917432535089 5.800723904805703 -17.535873617590777 2
5.972868623285548 -14.916440802621064 -20.60351700050815 2
5.184969400815123 15.54542300886228 -5.475154336126067 2
5.267920904659908 53.23797848938571 9.538663235444673 2
4.119871826798779 1.0159926124183434 -26.27122045227442 2
4.357658163945556 1.125607265286424 24.086749140685754 2
6.359153558860277 4.917285084211601 -4.908851793841034 2
4.276571349826709 22.737877248917357 -9.019917204708108 2
5.115351264726882 -17.3441453736004 23.860116922006227 2
5.044474277363048 22.75760027308948 46.29238718985116 2
6.004354462576264 2.235991618108773 5.963044502783707 2
3.9417332002357384 23.190572838940685 25.061426374636714 2
6.375249355265009 11.777991450575467 -2.860100292301391 2
4.404208436874346 42.15175906285012 -21.602167396288138 2
7.129637961697345 18.082907704635197 -25.992860707984747 2
3.6194441902207437 17.519476641996327 27.060324935961084 2
6.100479848084127 16.48688972914637 4.597721222268414 2
4.812400286995701 28.329362790418813 -36.55321375421448 2
5.7397002436749425 -37.54623520176398 -38.460338212904816 2
5.6241325402841635 -2.238044850663341 49.1901169071921 2
5.360573021804692 -1.2774450341407455 25.693356295923632 2
3.5724835160905366 44.291702165929074 -49.53867345462679 2
5.348036207345155 45.29811693577586 -55.49715605835063 2
5.254065689177102 18.47186436813086 -8.237965992264918 2
6.327339191106061 -8.429996565434106 33.02610125418727 2
3.7862739730465416 7.227576204191914 26.174509613329057 2
4.618347375557313 17.985096590024057 -0.9792117293252245 2
6.926645918868311 11.094157653589761 -67.63698481297388 2
5.4044896031224985 -36.57526989084217 -25.4197680359419 2
3.542945004371048 23.099156165652154 37.80138577936876 2
5.377196174651314 6.977471200852867 17.2451551405773 2
4.542221618738488 -15.445598853099977 -5.7844491529574835 2
4.384954137960328 5.696006386309026 52.807245131499556 2
4.882348286540362 18.421316393041245 -15.511713589525865 2
4.772999947933888 2.9389011016957953 65.15267103360756 2
6.436094763831583 0.540859317688672 -1.3768005178663518 2
6.037390099252557 -9.575409711894668 -22.29452536311178 2
3.6455911269605377 1.323754013827147 -13.609210494675782 2
5.936077100981953 -15.577375694718452 19.154539339354073 2
6.667341224929552 7.794745718443129 25.557768330275184 2
5.751399506798207 -19.472606094892157 -52.62550651544667 2
5.79958110448606 2.093334897191835 21.316056755805125 2
5.910885253675424 -2.2689984273511907 -5.3928253189776445 2
3.191994286763112 43.03042438208844 -9.22529419923781 2
6.86317229772352 36.340160771707225 -10.47366543728818 2
2.9355299197660223 -21.765512889740727 -20.733407884447875 2
5.722603140157591 1.7530746893431912 35.85917494509006 2
4.7871423310918155 -5.346550547072155 42.36234399712584 2
3.270151990264317 2.4774133344017897 -27.23953342030258 2
4.4184500016088055 -3.2098791723987325 30.957690797240893 2
5.78004626102398 -2.0376658036120476 -25.66429891936103 2
6.593256553269676 -9.327036360764682 14.456659202746193 2
5.976265002016371 5.0246108965234315 47.88906293369154 2
5.56529189588865 -13.253674364795117 -7.367646634119668 2
6.305821292096921 -0.9425811373563988 7.476876042204424 2
5.992364897509115 -1.386164787738915 -2.4286975577255436 2
6.659839627193808 9.802660672626654 -24.92211381333958 2
6.387801441024761 4.276889715834236 -1.262576472132677 2
4.170381557033627 42.84926855330161 -16.667978658113945 2
3.2662495584523796 -8.979721039848238 -11.96428775690675 2
6.815296712707349 -7.972284433818755 13.021979343510989 2
5.785579441500452 22.551365855047834 47.74462043746463 2
5.690156157680808 21.00868132313908 1.148928557898877 2
4.4207764711028315 -7.561441943717334 22.44906680443374 2
5.9338913549384635 -18.77607121490943 -0.7703790862906761 2
5.143033777898155 5.724525578895124 -3.2952039232593897 2
3.0813621118385655 -14.997684700927977 20.299375020931073 2
6.264633466202529 -16.322353757313014 50.78859338788564 2
4.787586675572227 15.43221337995061 41.24613206097865 2
6.215539416240905 12.432831784831217 -21.204233827607556 2
3.9133530543441326 34.73101898599984 15.199627755117556 2
4.871949276138904 -14.926319304800504 -1.9986015464365723 2
6.847276543450081 -6.902532659817403 -37.04558763317877 2
5.375515518387903 13.927288106111197 11.26826739437118 2
4.818862635928527 -1.591345922941687 17.09891748947976 2
7.501922469426375 -4.167087972078017 60.10753539201178 2
4.717366897205985 -13.761771764806813 -9.26397370406008 2
5.0300093586462475 7.091475398993312 2.8195741423382796 2
4.106710086653841 -4.583050769917742 -0.6741968497105901 2
5.690347329727702 -16.963504594607187 -26.158404304026565 2
6.1527210231243705 6.012138319329482 38.95110403069696 2
5.987841170353959 8.296779167418396 -26.862168054428906 2
5.431428788495248 0.32706594309173376 37.232880033089174 2
6.243956174065344 36.62147512449158 -16.189678017939766 2
4.322372314892025 -0.9906925650490104 53.632112516137845 2
4.0866923437509515 35.413303657695636 64.01612242721322 2
6.438035379125791 5.399078109916118 9.545373293099832 2
6.019794810046501 -13.712240989120463 -50.63995816263338 2
7.000875244044461 -20.669745427765356 -24.506188386333978 2
4.570137533935453 -29.55204526912216 37.77188106486009 2
5.446102058950927 4.082893681158611 -51.86205623732585 2
4.833198164657092 -35.05752652278241 57.787046648261025 2
6.103574381910185 5.416721590534944 -32.792355118473154 2
4.586860997172104 16.48413475388069 4.874281157484656 2
6.505921761000954 20.74740103424998 -24.881519562240587 2
4.918712830630936 -10.854572872316052 38.207189657512394 2
5.058922146179371 -7.408432772466924 41.24927688135934 2
4.56778570129787 30.572239848652288 -2.0490966631442076 2
4.618721638104802 22.921802624672615 -27.66122791560636 2
4.394842471511863 26.380660900864605 -13.259682230244223 2
4.024270211621968 28.261107266826933 -27.94856756343311 2
5.800050459186006 24.04400109467023 17.505248175037245 2
4.83210150565178 13.622194172415536 -23.051445796919346 2
5.365247759505472 -5.4393756969041185 11.615788106412047 2
4.060217276128242 15.017452241491727 -111.58079826323751 2
4.3444411573899036 33.83916219188369 1.9547282518559372 2
6.008149600474521 38.76751851913156 2.065178733652415 2
6.196457240319287 27.973904619138747 -13.780568698015532 2
4.464704956184789 0.1754691400041688 -47.099897061836614 2
4.604599611195922 44.42826535361271 14.328425009212438 2
4.910335597391803 -0.05285837561911144 8.804339699970708 2
3.884102236149244 5.376914513349887 -18.456504014930005 2
3.4597646957830523 9.998795347633868 -8.019574751237089 2
4.484405990286278 -8.438193188512484 -32.2374979077859 2
5.13583573073577 5.819695773626723 14.761709249373979 2
5.661389715748105 10.218887588729231 -11.12369376015084 2
5.979158635933767 18.582235515144696 72.10228630381323 2
5.407728128682617 2.3700407280652596 43.15192719978951 2
6.296538915269595 6.930274073568272 -11.807603643063505 2
4.483104150572065 2.985846790454451 -27.517351391304217 2
6.33526497673721 1.508456896199501 -3.230393789760681 2
3.7124139828280067 20.18838550533508 29.29168435717968 2
5.318436779498572 2.0271059904250217 6.297802050577316 2
5.613893756282316 15.651562267999106 24.814864487937975 2
5.36978373402376 26.93160742223906 86.60032103449151 2
3.7411354211744285 19.32757919786232 46.835266066702005 2
3.5362102743184276 20.915887686819698 16.794286378099702 2
4.859639242920102 -45.51058675566958 -21.322325616542845 2
5.838757426592181 -8.887714993818687 -13.424914528234918 2
7.556947404101271 -5.729512484782941 -1.0814159065915732 2
5.672800818260116 1.926480662110226 21.640579374885508 2
4.697300818265947 1.242254142551951 -62.496529150652236 2
5.138486404126559 20.863067349485597 12.518480358742242 2
5.34171830942698 -9.005406627147396 52.416337727136494 2
5.8570864596180705 -26.056518940356455 9.77005513377522 2
5.310265243623896 37.052697237565496 -22.406115803968653 2
2.9006339998425834 2.0958368113936587 69.58628768147328 2
4.523013725835002 23.494307258830343 -20.568844466965928 2
4.40358400117687 11.139360697043138 4.946656994181776 2
4.797306483386771 -21.578401378962777 8.241720113074681 2
5.6132729123286165 -33.74747545149823 21.579810295215886 2
5.189516343281474 20.59867907288802 32.70163910327571 2
4.477352357720382 25.263718651552217 24.980812644081098 2
4.757009536305286 13.17538106791459 -13.532652072585403 2
3.681773979900413 11.375262341310222 39.69822746440936 2
4.5867544458729546 -8.638814469784728 41.97774433026523 2
2.990309600635795 12.930574337490075 0.9532228095997244 2
3.5166550978122024 13.263363408632555 19.0070322332325 2
5.379014459846119 -13.435714987944149 1.973911543491628 2
3.586626180888283 11.267286851399644 45.96076157105893 2
3.1657760965768103 -20.492444282081294 -11.990001246095556 2
4.53584832190862 44.59507717719791 -18.623673026721757 2
3.923204873350572 -33.73382886136539 -21.058173634037793 2
6.341339723515873 5.743283244777572 -19.47842663996398 2
5.94743975070475 -6.05791334285372 23.91447573676659 2
4.870550438850984 -14.426777780403683 -42.01620274318459 2
5.663510857355236 27.332109344825362 25.801776397605632 2
4.453014509195414 26.38553130413195 55.762742592460164 2
4.270875059939238 64.8576279324836 -3.1072940687321786 2
4.92472906291753 29.56116073362874 55.09206813545267 2
4.109642524595021 -11.896323722140608 -23.53536792740801 2
4.911400324691383 4.01118491655347 10.100276131927753 2
6.008816924910548 16.17823131633689 26.954398925548098 2
5.2753590846256655 -6.88067077374804 -37.82237000804979 2
5.813642679399209 14.540784023214606 35.257833737578935 2
4.251081655078452 20.77108312841087 -10.374090908839841 2
5.114953767447915 -9.38099622252536 2.035005906516295 2
4.007345023426457 14.998652460398414 6.341125996106136 2
6.45660788515356 -13.061235584099467 -1.6206565137370292 2
5.8486752877939665 13.557703912589728 -8.258193206019284 2
5.708057832526103 -27.622312290664034 61.579124663798865 2
6.203773931024251 -10.123166002861591 -5.0412925216685895 2
3.8764564830884893 29.60954804981437 4.123945035923135 2
6.014531031415812 -38.108277728711705 55.72900291301947 2
5.663647976318504 -24.59916000748035 26.98505148225409 2
4.438256487434532 -17.708356523490785 9.039319983847712 2
4.4385578634130045 17.434013497991714 35.95526444511078 2
5.118822435850822 -21.688977649208347 -39.036368629764524 2
4.233927519636611 -6.5438040949039795 -33.52902371391923 2
3.5936478767578306 34.86550139893661 -16.843385843065864 2
5.621735016534293 4.30847342916386 -29.73861495502004 2
6.0645957399714465 63.98508788324737 11.373706439446742 2
3.578066348440739 12.998804193042677 -53.32413560937182 2
6.547042434766377 3.5904407780649006 -44.942138384724075 2
4.609241247567978 22.878866725950292 -10.802015833334146 2
5.318392358433044 23.573931974268806 -14.160091511914594 2
4.7630771561049166 27.279922286582522 -5.1454739191606045 2
6.459854427314019 34.6637172398892 -23.835070380453303 2
3.7754439998609595 31.664203976947817 -7.947060712348707 2
3.4658035797747733 15.928593687739589 -31.365744217843478 2
4.441400050465814 -6.726281618068668 9.614053953219528 2
5.798863840905859 -8.539922064718814 2.7718433796046744 2
3.0725250205088255 7.520483240153826 6.755973595035768 2
3.6124095823891533 20.601961347004945 -27.446505592847593 2
3.056649412874865 -29.114825625185134 57.79957164413548 2
6.163901368545201 21.0701856696004 -27.907598853902712 2
4.646991770183993 5.3631137594975185 -10.18543132914406 2
5.785641108699208 8.566987234481608 12.507129670401547 2
4.551278861293685 32.533100674713296 39.90738074720593 2
4.692144372436045 19.129071342245794 -19.62325953904515 2
5.238782817809826 -17.98658600018215 -19.573377889354354 2
4.117336874174407 8.56775362959422 20.808116292057427 2
5.854638097033504 -9.910247445017205 -69.78011452779974 2
4.216547960202385 -12.729304273685166 -23.88067680326362 2
5.765576775246632 -13.327633284293729 31.254164004702314 2
5.5689240048540585 -7.5102294004226895 36.56659683403085 2
6.015442960307466 -22.39406013938348 -13.473554338923275 2
6.087089201309611 -14.7774366926838 1.8746137326470533 2
########################################################
## Size: 300
########################################################
## Cluster: 3
## Density correction factor: 1.0
## Generators:
##   NormalDistribution(mean=15.0, stddev=1.0)
##   NormalDistribution(mean=15.0, stddev=30.0)
##   NormalDistribution(mean=15.0, stddev=40.0)
## Discards: 0 Retries left: 1000
## Density correction factor estimation: 0.992282249173098
########################################################
15.175552909610044 -73.20877844762686 -14.136751170975668 3
16.755994740479043 17.301532836615966 67.82251954944917 3
14.589077146731725 32.750202169805405 4.093093463839013 3
13.613043782065263 -4.338639114993018 71.85256429389956 3
15.277619659874341 -40.663074560900846 43.31318932504009 3
15.617706375033766 -39.435903124462556 -50.40603700404371 3
16.623493995807546 0.7323753028251545 39.486631201042435 3
14.865556436189381 -24.53824603042633 -13.547221427664407 3
13.61376642692476 13.52211838584035 39.515678163640544 3
17.900401632591965 40.52608626143329 17.768592956250295 3
17.012374695174096 44.44822199257652 18.95495332095984 3
15.138001691399193 42.152310969305844 -22.748560526441693 3
15.261798899632373 -23.824475909759627 27.825247311930937 3
14.174662525341592 24.321133431326054 -57.5765575442214 3
14.062973383095898 44.78795393853117 47.66948433102617 3
13.913738525914983 20.404748948702913 -35.01170437274026 3
15.40440318615138 14.717053399897775 -1.1660215941563088 3
14.047422897429003 26.354991463113333 52.20114994277951 3
15.068045921237246 44.62078063794033 8.869645589777324 3
13.785807646467196 5.925777986573575 -23.58131718456425 3
15.302165924964147 -30.160096185893714 -3.032628216443168 3
14.104305288830549 -28.904605694618922 31.09000048558112 3
14.232312344129223 55.49204157790508 41.665910575277366 3
14.227039385735464 10.556422001725107 -18.45309505010305 3
14.128547528165424 42.61584862836432 30.903054235180136 3
15.881586868802387 -10.597227288551139 47.37949760479654 3
16.474302129596488 -27.31606116876926 29.599677419594318 3
15.969315148979671 -14.9121894584739 45.24319833870069 3
15.33151525248978 19.001053770806898 43.85753920849933 3
14.517382092156822 -36.23633727619432 -19.120980833232835 3
15.082609650477517 -0.6841612168322158 4.765314332274519 3
14.897564323102817 8.683571387134613 -43.867447551946896 3
15.744047722510459 55.395249334818345 51.653590431361884 3
15.661849780944095 3.9934896858599007 37.238402226886656 3
15.303942153083552 26.576568730796502 -16.60252458262135 3
15.040213234264884 -22.413547524450074 6.9981892709384415 3
15.922919707138767 68.6213186054431 90.49279568074921 3
14.402263085934354 -55.308744366325385 -14.286671269516514 3
13.01895000804622 34.67810965126948 25.031534557201542 3
16.024121518065193 -7.4619293072813555 32.68208780698015 3
16.123909901619097 -0.028677706060253882 39.87951493412915 3
14.55074415285021 -15.996674249140895 -30.962261211988476 3
15.45762544605549 11.839283564314062 29.914949998588767 3
15.605048264514755 -0.5117775612233348 -16.255138691287925 3
15.398130603906445 40.93115124775218 7.720201472381714 3
16.247915273951484 -10.909718329829566 -14.050381651295663 3
14.608092023111032 -2.8050049943368087 -43.66573649582331 3
14.112449179682866 29.682496244930384 -19.183055260910372 3
15.07876453652287 -17.775234579569613 15.080875258875864 3
14.723762655912964 57.2325526097437 -16.827913198960726 3
14.228026876888688 2.650664346475864 -2.42069539536908 3
14.56780772564457 9.05702195658028 71.33898650599238 3
16.398449173341774 -37.50813528930836 20.475993494127103 3
13.86586346952755 14.023222838474037 12.178039488866709 3
15.774327693060082 -41.79757172558912 51.78044646420992 3
15.174693090801762 -6.369583435143763 77.01855819674347 3
14.872902151571468 9.664319251103354 -9.592311366708941 3
16.799526827676655 8.85072768224125 -41.10904133361379 3
14.391132206233111 19.64098305394449 -27.608217223780272 3
14.774131215291604 -6.9255892478371095 32.655702301802066 3
15.171436400204676 9.900686635456463 -40.73283475967596 3
14.520331974827604 -3.0506797138243513 48.186821933392324 3
15.220934089884159 24.969470236795022 15.41981648749061 3
14.892781764626616 27.327401257195945 40.9452295445425 3
16.084753883240506 41.05635950397382 23.549418377475288 3
16.87268518710524 -0.894548896573168 52.55113985962703 3
15.231528903777118 29.106220865884843 -1.6232634384693299 3
14.894943261626203 52.74011187218041 73.19129432305931 3
13.97513354462558 -15.429926450598742 27.128753936885815 3
13.036447195491366 -45.76488687323082 3.6101076284966904 3
16.73139717190826 8.716406324443529 -41.34532742262995 3
14.110768334972072 46.957412443889666 -51.343949173114396 3
14.811316902010663 -1.7992257009641293 61.31424894084499 3
12.700989446573786 13.051876649819846 80.1158058486378 3
15.13627211509941 15.924141735166252 8.216701647635077 3
13.513203279084934 20.190904017648823 -33.84641590338106 3
14.194301727368599 -7.533714148774628 -95.51106060145509 3
13.354676938160697 -16.05665052149002 0.621718687029432 3
13.39461214296466 -17.984260496795116 28.071481354729965 3
13.335103502164877 -42.41941423087647 -20.747747208566892 3
13.705509814406708 33.64929277459228 62.84220449106074 3
15.346789280595926 28.20342947688902 9.363125882895183 3
12.799343436293828 84.43658543610485 27.602205713835488 3
16.233343962916848 42.833500450867646 16.30413655921652 3
14.70790980479597 22.834507457897153 48.06891376144577 3
14.609856485493045 2.0909742147828645 35.682132629894184 3
14.707152283081179 53.11314455149567 -23.69200168786002 3
16.58925202023978 31.075767423140867 37.34304455623799 3
14.953492274952868 -3.084124559526373 0.7967479901005099 3
13.854654806341593 -32.9985753935381 61.931401775946185 3
15.044730344927547 -38.723627425966676 31.442928751452175 3
15.24652783129022 46.49096837943703 -6.321554844423147 3
13.371732011742893 34.06167813845546 34.934248388181345 3
15.402169616003285 -11.889127216201018 -7.459583102276643 3
15.725978551927305 -20.960832197529 -35.726929716383296 3
13.660938273297658 23.422930008208795 -40.899462206060605 3
12.893584613830578 23.386252364302056 -17.290138637787543 3
14.863179186955437 28.5085183245116 -0.8898588649503019 3
14.573202568703424 -34.9889793043646 84.779284894484 3
14.134718349190559 37.64795219011104 -31.282448395393317 3
14.788467329622927 36.61554305802871 71.46129331897188 3
14.989332283309441 4.687909924278921 17.762401910453516 3
16.496837042037832 -6.950570176396866 39.12074391407572 3
16.479173292196737 25.51141012640648 3.1528216944590675 3
16.310298814408636 -6.88979018149087 67.57943634109184 3
15.713828468615064 -25.851694006940477 11.613598698409145 3
14.16533659555856 21.740536812751934 -9.805316938229943 3
16.31889077093917 42.8862278727417 19.8499736347159 3
17.897424250387775 52.11265733083087 30.816737365934628 3
14.118085122124256 12.49528782306032 57.954415365883385 3
16.141728466786482 4.4801494859787425 -1.9216958429647626 3
16.411150154310192 -17.92111805521784 -3.6980554041624387 3
15.112195914773666 -6.2447871497534315 -36.94146083785405 3
15.53453007031181 -21.385786782787115 51.55951020509279 3
15.960963378355682 22.531450803025553 40.02405395823907 3
17.03833919113235 45.988123447792454 -8.40554960853149 3
15.359991450462783 30.354497525239665 -8.703294290874656 3
15.520932851253896 15.828839352552908 11.042468931103 3
13.79357341884881 66.33304540281779 56.92540131088903 3
14.278043196393247 3.0916518724524984 43.64300551907348 3
15.44404027536741 33.20174253468464 41.088667480275745 3
15.547945903568785 16.418966172958115 18.929763683895963 3
14.128218731345804 54.24532799972624 35.324163018144475 3
16.193433169923736 49.58571410360914 0.3308704759688492 3
12.889328775791133 0.8048239788761684 26.55119497018754 3
14.00706000112928 30.040308219754312 20.528303770155446 3
16.059695934008865 11.633260243903278 6.543332662404133 3
15.183212869907859 -1.36568444230047 47.73415590503254 3
14.724841204223104 22.39857884250006 -21.462928422638676 3
14.98176917714206 18.002994759940538 25.480415203973124 3
14.828777243920864 22.052072386275206 3.9977289413533335 3
15.179750586903417 36.279177030351605 -27.9366496416868 3
14.163070891929408 -5.155155843038642 53.409720879324894 3
13.580029080910823 16.315261347273804 40.34160057668634 3
17.74215863390186 34.14096681301928 53.16782180433712 3
16.614533077075123 -21.6871913655405 78.79332231597046 3
15.578114077257588 44.33844747468612 34.11397160983596 3
14.7949828330975 11.183086925669812 -17.577767878190244 3
16.136629483614925 30.70366453754032 -44.55741577953323 3
15.22907508641469 35.12314145548535 113.2000794050248 3
16.50649574212442 38.88610225342886 26.160190303479432 3
16.382438843494132 15.401753405348623 35.93364091300579 3
14.507261957629634 10.708854303907628 43.84015187586254 3
13.522913440036858 26.56711932728353 18.17881148309352 3
15.40399905858419 -12.228004281214382 29.072035891901436 3
13.590459083934352 -26.93829532786252 64.3586131025262 3
14.423766458274919 -25.96943662207125 21.95634901527407 3
14.16172821596918 1.567970837260006 -31.40219711183022 3
15.711658280536188 62.63515462759591 -34.49581618133057 3
13.992175683483191 -36.36512803830745 9.244076513661593 3
14.774955817786749 -24.79295338052991 92.62260876766987 3
14.740764451085234 7.483532221363719 -61.84587004432974 3
14.991959550027563 -31.812654020240572 0.20663086698675492 3
15.349186716405084 23.277800563566764 25.519425986332543 3
14.795854334317085 13.896055548541334 0.41775689071749156 3
15.562080056484943 35.08366003081801 -19.321901855419014 3
14.855872400775008 -7.403430891419447 -13.453146142463211 3
14.228303189381057 -13.494219319289023 -21.496630620333463 3
15.907731039727105 12.717065978903863 70.17448148960486 3
15.826123734963637 -24.386375900203234 6.0908481181068055 3
15.792642998720849 1.5225432823415055 -30.002897260307655 3
14.50906253916518 32.15554245920685 10.616386705368068 3
14.66093648994346 -9.699450017301736 -15.233647967246362 3
13.755325688922955 18.23367337249782 55.45298784768854 3
14.55591576221659 38.04951299567148 -5.02548856928259 3
13.624196163816512 49.092899696991545 65.69213809107362 3
15.865823203128922 8.76578540657933 -36.00737172542593 3
12.496837416214765 85.79574335151892 -14.813588736654758 3
15.100745165770093 2.028680077498821 -17.26522423980996 3
17.08897467453461 -35.911498769673514 43.46143426603449 3
14.994791130164023 -26.716735386288036 88.60229523026776 3
16.23702136823495 38.472149566158244 35.528481112523096 3
16.861477354695175 -25.009674310622053 34.84051133622579 3
16.271687610396146 -4.864447333676782 36.236733461709925 3
15.438831191315568 -18.68222058389307 -19.35162791796857 3
14.667222497373432 -10.401761939102592 -75.18497836669115 3
13.815937391399835 58.40196716574426 72.77535763839478 3
14.519745766289049 33.15346191645391 -16.870079956807626 3
14.137428605796332 -5.609888680244271 -7.754494019648277 3
13.571579854164487 29.920540348246767 -17.596168851490958 3
14.21459525003864 8.076047238760937 15.462718683039004 3
14.140711432803107 28.261340291242703 35.91248933865455 3
15.026524791742839 32.84218494309806 -81.05151929508341 3
14.161457499004637 5.639783214792573 -64.42491935908319 3
14.45944256478998 38.810712018664674 32.22681789484491 3
14.896221910843208 17.893083735955575 -64.10805372632016 3
14.66060907926257 13.010771517518673 -54.87346086522679 3
13.995492722310809 35.454327017782816 -27.39475067077344 3
12.89929256534801 -14.744716179655551 -48.26335115070439 3
16.973163532296333 -13.715724608809012 -1.5268048863741548 3
16.401118626787195 26.40903493353435 7.378369529089986 3
14.882748406269169 9.786768489035564 24.596627431650585 3
15.163116268266378 17.836818257911006 75.86402454036133 3
13.206204000986315 47.71026797946287 -35.741563175027395 3
14.813496935079174 4.249252906004356 123.6298877711601 3
16.541830092191894 16.335144330845974 -26.166839533209 3
14.915888503518044 -3.427529520249589 14.435575482492562 3
16.13927047311725 18.127616276569018 61.53784896144116 3
14.69681526735627 8.542708483702626 48.689645475514645 3
15.42393480825761 28.935659012752332 2.8821764213529413 3
14.797881988615915 -4.385231667967158 1.314751755356296 3
15.310775079550773 27.67282821406954 -33.9475442839436 3
16.390314747156637 8.088706263745149 21.102123646923587 3
15.842460019135565 16.718605032529496 -3.617097133353788 3
14.71980713224398 -23.475147141056603 -104.80277534458159 3
15.2261122650188 -20.295621035278813 -1.0315228500287041 3
13.521149929461188 -19.86327224330571 -22.308778126390457 3
15.446597623091128 -9.834999345398042 -0.09568872161363551 3
14.817603578574992 70.5960201595094 15.053465017426277 3
16.712523411246426 50.002588367963945 14.675735558680914 3
15.817908190148687 28.784568659792257 86.34232142696912 3
15.0528177831543 11.191732190639764 -1.7990164081406768 3
14.974944512978904 28.84825994332976 62.67359170785791 3
15.872565946637822 -38.295826222958546 106.04491962266641 3
14.512581350954108 27.133271607881284 -15.750927366750599 3
14.802408848644298 -2.8672776932609487 -6.7572626895345245 3
14.36155705215797 0.42089135222515495 61.878140281937696 3
15.22647139476947 16.177964672030676 37.44930851420239 3
14.718131384799603 22.158983009969326 -52.62201119083967 3
14.556606098674477 24.023249050932407 11.611593563482955 3
15.236625436299164 25.133088297005155 -12.95431919209993 3
13.622036655231039 4.530375247966724 27.930310926789367 3
13.792741051936567 -48.27866552497514 56.795001439649795 3
14.57886266005997 10.410229462693618 149.70676927323854 3
16.312582215980328 6.753155628817927 28.840676234283578 3
13.051587084041875 34.20321688422705 14.855635009746123 3
15.346132399235648 26.310483477673607 -43.69609472755401 3
12.93350736619514 14.19672008394005 68.11842508463778 3
15.33917054610722 -37.516270467214945 8.512808908447473 3
15.446799764428437 21.31583826486254 36.653587604885686 3
15.618845324824093 -0.6013264556168991 23.971079551675324 3
16.205910891983113 -22.500841258300284 6.040797291697162 3
14.639974926228328 -16.485125697161422 19.863640174735302 3
15.657029188530204 -16.446382670087193 42.120318937207415 3
16.850168134313275 6.67206425459845 39.5844004963801 3
14.95969113708668 34.15668059704613 50.95823006672671 3
14.779586865788014 10.959999957898475 43.48839589798025 3
15.12862544650816 -8.061202027341917 53.0997969848989 3
14.645663847596742 31.359994553246946 46.419547512514974 3
14.682371132617654 33.55834477521317 -68.60158938829338 3
15.097270875687046 -0.4228739038540823 28.50471238264732 3
15.37717414221258 52.73906993285955 20.485690531076585 3
14.865697204503169 59.34720334836791 -37.41858539947947 3
14.3994285018913 -10.106700042379675 22.209939826765677 3
14.173894885226627 -15.343720614123555 86.87321938706401 3
15.09599030851695 59.90837149027963 17.583618686042648 3
14.694772966463942 7.888345481348453 -32.00912683384861 3
14.673136724442863 18.483595113339046 -7.770741223827507 3
16.150036477563287 10.107706012402579 -11.46859706425743 3
16.10519591773653 34.981969990617 21.878526475767153 3
14.44442390191051 22.31488112815631 46.43659697403911 3
13.375588024361328 -4.166474425275926 -10.562391557278325 3
15.526749833056943 35.33751417023274 -14.459831292071584 3
15.327178451563334 -24.25656115834284 -18.8606234588637 3
14.972206003167054 64.41237791469777 2.8307395149791716 3
15.354778451146624 21.222620708955557 -18.452132133114958 3
16.146608761954525 19.501250532974503 80.99674945504051 3
13.417475481556547 26.051428403400443 0.18470902397789501 3
15.598324202744545 16.996808269287172 18.094301332009064 3
17.10324401870015 25.450945843674937 3.9231050034739816 3
15.155719156107551 -6.4869000695041485 48.27674884628657 3
15.104922997226014 -11.423114509224892 3.3137035277569016 3
14.437959602388172 18.236099785727507 -4.814148028276495 3
15.407336005340031 25.56974191477447 50.217985412975025 3
15.302910894588509 44.69771546500696 -16.439002599558844 3
14.243110914620367 -19.75940428234592 -39.84626654563265 3
14.285136701030932 -14.320388905927864 38.77636404953065 3
14.066703271529219 -7.1931714157031905 8.860501429988883 3
16.50336443636059 34.801350587096934 34.27142212206438 3
14.667956789765435 3.66570615457662 -12.387354180398283 3
15.00737797785518 -58.72566481782023 -13.707531084584986 3
15.712549709418997 19.4797547081429 118.46236619402545 3
15.63491186628762 -23.984802658990347 31.83997441976326 3
15.917710762656101 3.8049105931074774 100.96866426926539 3
14.436025150352446 -49.66019702987738 23.297571675768413 3
15.545712135345852 35.424931273331424 -66.05801545449326 3
15.378882236036555 19.662241980581996 43.47747695051847 3
14.880182488470064 15.199311872279395 -3.171179213975222 3
14.78532511256082 34.56925253431747 -12.970239615886534 3
15.23682325251521 11.971731463273294 75.34092307779744 3
16.610678320669354 -17.55099438813945 2.7603538996653825 3
15.492615024728314 68.911751117017 80.5562318147667 3
13.712160256797471 -1.2387765320210207 41.766465118730125 3
15.591617279118395 18.76926398442521 -27.816980937528612 3
15.287579484030545 30.296269461992594 -24.200586327754017 3
13.98951518716927 20.797499210430274 -65.26266361208108 3
14.500693332816484 31.818703788000963 2.36695543737353 3
14.86875152759013 32.807186685287526 27.966526186407485 3
13.971801907727457 22.73420653650723 -10.477860226520093 3
12.972552620073799 60.587346092613615 53.29052244753023 3
14.89482534259848 54.47723641096933 -27.918896752645395 3
16.04039945290827 61.652913098672215 37.24517350338314 3
15.43735581864412 58.603366381094986 58.00741852325296 3
13.953881554492998 34.20536415680909 -34.93405598619905 3
15.25745868849552 31.477431296642113 -1.6597818151287775 3
14.113754742225824 24.048611086147602 -14.372058287827116 3
15.27348327026997 65.29915426108172 -22.496632039825215 3
15.709069611663073 32.183543790441284 32.53311160525627 3
15.155215964866937 44.98043360901309 -27.872953031434484 3
13.952009459211263 20.074307003118324 27.844982239067434 3
